8.563445 0.891784 5.025866 database/image_1.jpg
336.912616 0.597363 7.986540 database/image_13.jpg
236.085440 0.609392 6.299626 database/image_14.jpg
139.172850 0.601875 8.978573 database/image_15.jpg
101.327346 0.620253 8.917442 database/image_16.jpg
430.134307 0.530877 10.776238 database/image_17.jpg
336.912616 0.597363 7.986540 database/image_18.jpg
236.085440 0.609392 6.299626 database/image_19.jpg
8.563445 0.891784 5.025866 database/image_2.jpg
139.172850 0.601875 8.978573 database/image_20.jpg
101.327346 0.620253 8.917442 database/image_21.jpg
430.134307 0.530877 10.776238 database/image_22.jpg
336.912616 0.597363 7.986540 database/image_23.jpg
0.441148 0.984127 3.292152 database/image_24.jpg
